1	25 Oct 22	18:37:45	1	0	1	0	Ct	0	1	3	4	5	5	6	8	6	3	5	1	2	7	2	3	5	4	2	9	6	2	5	3	7	7	7	5	2	6	5	4	4	5
2	25 Oct 22	18:38:00	1	0	1	0	Ct	0	1	2	1	0	1	1	1	5	1	1	5	1	0	1	0	2	1	1	2	1	1	1	1	1	1	1	3	1	3	1	1	1	2
3	25 Oct 22	18:38:15	1	0	1	0	Ct	0	1	1	3	1	1	0	1	0	0	1	2	2	1	0	0	1	0	0	0	1	0	0	0	1	0	0	0	0	0	2	1	0	0
4	25 Oct 22	18:38:30	1	0	1	0	Ct	0	1	0	0	2	0	2	0	1	3	0	0	0	0	1	0	1	0	0	0	1	0	1	1	0	0	0	0	1	1	1	0	1	1
5	25 Oct 22	18:38:45	1	0	1	0	Ct	0	0	0	0	0	1	0	0	1	0	1	0	0	1	2	1	0	1	1	1	1	0	1	0	0	0	0	2	0	0	4	0	1	0
6	25 Oct 22	18:39:00	1	0	1	0	Ct	0	0	0	0	0	1	0	0	0	0	1	1	0	2	2	0	1	1	0	1	1	0	0	1	2	0	0	1	0	1	2	0	1	0
7	25 Oct 22	18:39:15	1	0	1	0	Ct	0	0	3	1	1	0	3	0	2	1	0	1	0	0	0	0	1	0	0	0	0	0	1	0	0	0	0	3	1	1	1	0	2	2
8	25 Oct 22	18:39:30	1	0	1	0	Ct	0	0	0	0	1	0	0	1	1	0	2	1	0	1	2	0	1	2	0	0	2	0	1	1	1	0	1	0	0	0	2	0	4	0
9	25 Oct 22	18:39:45	1	0	1	0	Ct	0	0	2	0	2	2	1	0	1	0	1	1	1	2	0	3	1	3	7	0	1	0	0	0	2	0	0	2	1	0	4	0	1	0
10	25 Oct 22	18:40:00	1	0	1	0	Ct	0	0	0	0	1	0	1	0	0	0	1	0	0	1	1	0	0	0	1	1	1	0	1	2	0	0	0	1	0	0	1	1	2	2
11	25 Oct 22	18:40:15	1	0	1	0	Ct	0	0	0	0	0	2	0	0	1	0	1	0	1	0	0	0	1	2	3	0	1	0	0	0	0	0	1	0	1	1	2	0	2	0
12	25 Oct 22	18:40:30	1	0	1	0	Ct	0	0	0	6	1	0	0	6	1	1	1	0	0	1	1	0	1	0	0	1	0	0	1	2	0	0	0	3	0	1	0	0	1	1
13	25 Oct 22	18:40:45	1	0	1	0	Ct	0	0	1	2	1	1	2	2	1	0	0	1	1	1	0	0	1	1	3	1	1	2	0	0	4	0	1	0	2	1	0	0	1	0
14	25 Oct 22	18:41:00	1	0	1	0	Ct	0	0	0	2	1	0	0	0	0	0	0	2	0	0	0	2	1	1	4	0	1	1	0	1	3	0	0	0	0	0	1	0	1	0
15	25 Oct 22	18:41:15	1	0	1	0	Ct	0	0	0	1	0	1	0	0	1	0	1	0	1	1	1	1	1	2	0	1	0	0	0	0	6	0	0	1	1	1	1	0	0	1
16	25 Oct 22	18:41:30	1	0	1	0	Ct	0	0	0	1	1	1	1	1	0	0	1	0	0	1	1	0	1	5	1	1	0	1	0	0	0	1	0	2	0	1	1	0	1	0
17	25 Oct 22	18:41:45	1	0	1	0	Ct	0	0	1	0	1	0	1	0	0	0	2	0	0	0	1	0	0	4	0	1	1	0	1	0	1	2	0	1	0	0	0	0	1	0
18	25 Oct 22	18:42:00	1	0	1	0	Ct	0	0	1	2	0	1	0	0	1	0	1	0	5	0	0	1	1	0	0	0	0	0	1	0	2	5	2	2	0	0	1	1	0	1
19	25 Oct 22	18:42:15	1	0	1	0	Ct	0	0	1	0	1	1	0	0	0	0	1	1	0	1	2	0	3	1	1	1	1	0	0	1	5	1	0	1	0	1	0	0	1	0
20	25 Oct 22	18:42:30	1	0	1	0	Ct	0	0	0	1	0	0	1	0	2	0	2	1	0	0	2	1	1	1	1	1	3	0	0	0	0	4	0	0	1	0	0	1	2	1
21	25 Oct 22	18:42:45	1	0	1	0	Ct	0	0	1	2	3	1	0	4	0	1	1	0	1	1	0	0	0	0	2	1	0	0	1	0	0	12	1	2	2	0	2	0	0	0
22	25 Oct 22	18:43:00	1	0	1	0	Ct	0	0	0	1	3	1	0	2	1	0	0	0	0	1	1	0	1	0	0	1	1	1	1	0	4	8	0	3	0	1	0	0	1	0
23	25 Oct 22	18:43:15	1	0	1	0	Ct	0	0	2	0	0	3	0	0	3	1	1	2	0	1	1	0	1	0	1	1	1	0	2	1	3	8	1	1	1	1	1	0	0	2
24	25 Oct 22	18:43:30	1	0	1	0	Ct	0	0	0	0	1	0	1	0	0	1	2	1	0	2	2	1	1	0	0	1	0	1	1	0	4	9	0	1	0	1	1	0	1	0
25	25 Oct 22	18:43:45	1	0	1	0	Ct	0	0	0	0	0	1	0	0	1	0	1	1	1	0	1	0	2	0	1	0	1	0	2	1	4	3	2	0	1	1	0	0	4	0
26	25 Oct 22	18:44:00	1	0	1	0	Ct	0	0	0	1	2	0	2	0	0	0	0	2	0	0	1	2	1	0	3	2	1	0	0	0	3	0	0	1	1	0	0	0	3	2
27	25 Oct 22	18:44:15	1	0	1	0	Ct	0	0	3	1	0	1	0	0	1	0	2	0	0	1	2	0	2	0	0	1	1	1	1	0	1	1	1	0	1	0	1	0	3	2
28	25 Oct 22	18:44:30	1	0	1	0	Ct	0	0	3	1	1	1	1	0	0	0	1	2	3	1	1	1	1	1	0	1	1	1	2	0	0	0	2	2	2	1	0	0	1	0
29	25 Oct 22	18:44:45	1	0	1	0	Ct	0	0	2	0	3	1	0	0	1	0	0	0	0	1	0	0	1	0	1	2	0	0	2	0	1	0	0	1	1	0	0	1	1	0
30	25 Oct 22	18:45:00	1	0	1	0	Ct	0	0	0	1	0	0	0	2	0	0	1	0	0	1	1	0	0	0	0	2	1	0	1	0	0	0	0	1	2	1	1	1	0	1
31	25 Oct 22	18:45:15	1	0	1	0	Ct	0	0	1	0	4	1	0	0	0	0	0	2	1	1	1	0	0	0	0	0	2	0	1	1	0	0	1	0	1	0	0	1	1	0
32	25 Oct 22	18:45:30	1	0	1	0	Ct	0	0	1	2	0	0	0	0	1	0	1	0	0	0	1	2	2	0	1	1	0	0	0	0	0	0	0	0	1	0	1	1	1	1
33	25 Oct 22	18:45:45	1	0	1	0	Ct	0	0	1	4	0	1	0	0	0	2	1	1	1	0	1	1	0	0	0	2	0	0	1	1	5	0	0	0	0	0	0	1	2	1
34	25 Oct 22	18:46:00	1	0	1	0	Ct	0	0	0	1	3	0	1	0	1	0	2	3	0	2	1	0	1	0	2	0	0	0	1	1	1	1	0	2	1	1	3	0	0	0
35	25 Oct 22	18:46:15	1	0	1	0	Ct	0	0	1	0	1	1	0	0	1	0	1	1	0	1	1	0	1	0	0	2	0	2	0	3	0	1	2	2	1	0	0	0	3	0
36	25 Oct 22	18:46:30	1	0	1	0	Ct	0	0	3	2	0	1	1	0	0	2	2	1	2	0	1	0	1	0	1	1	0	0	1	0	1	0	0	4	0	1	1	0	6	2
37	25 Oct 22	18:46:45	1	0	1	0	Ct	0	0	1	1	2	1	0	0	0	0	1	1	1	2	3	1	2	0	3	1	0	1	1	0	2	0	1	3	0	1	1	0	4	1
38	25 Oct 22	18:47:00	1	0	1	0	Ct	0	0	1	0	1	1	0	1	1	1	1	1	1	1	0	0	2	0	0	1	1	0	1	0	2	1	1	0	0	1	1	0	1	1
39	25 Oct 22	18:47:15	1	0	1	0	Ct	0	0	2	1	1	0	1	0	4	2	2	0	3	1	0	1	1	0	1	1	1	0	1	3	1	0	1	3	2	0	1	0	2	0
40	25 Oct 22	18:47:30	1	0	1	0	Ct	0	0	0	3	0	1	1	0	0	1	1	1	3	0	0	1	1	0	1	1	0	0	2	2	1	1	1	3	3	0	0	0	1	1
41	25 Oct 22	18:47:45	1	0	1	0	Ct	0	0	2	1	2	0	3	0	3	0	1	0	0	1	4	1	0	1	0	1	0	0	1	0	0	1	0	0	0	0	1	0	4	1
42	25 Oct 22	18:48:00	1	0	1	0	Ct	0	0	0	0	1	1	0	0	0	1	1	1	1	1	2	0	0	0	0	2	0	0	1	1	2	1	1	1	1	0	0	0	4	2
43	25 Oct 22	18:48:15	1	0	1	0	Ct	0	0	1	1	0	1	1	2	1	2	2	0	2	1	5	0	1	0	1	0	0	0	0	0	4	1	0	2	0	2	0	0	3	0
44	25 Oct 22	18:48:30	1	0	1	0	Ct	0	0	2	1	1	0	1	0	0	0	3	0	0	0	0	1	0	0	0	1	1	0	0	1	2	1	0	1	1	0	1	0	2	3
45	25 Oct 22	18:48:45	1	0	1	0	Ct	0	0	2	0	0	0	1	0	3	1	2	1	1	0	1	0	0	0	1	1	0	1	1	0	1	0	0	3	1	1	1	0	2	0
46	25 Oct 22	18:49:00	1	0	1	0	Ct	0	0	4	2	1	1	0	0	2	0	2	2	0	1	0	1	0	0	0	1	1	0	3	0	1	1	1	3	1	0	1	0	5	1
47	25 Oct 22	18:49:15	1	0	1	0	Ct	0	0	1	1	1	1	1	0	2	0	2	4	1	0	0	0	1	0	2	1	0	0	1	1	2	0	1	1	1	1	1	0	6	0
48	25 Oct 22	18:49:30	1	0	1	0	Ct	0	0	1	0	2	0	2	0	1	1	1	1	0	1	0	0	3	0	0	1	3	0	1	1	3	2	0	1	2	0	0	0	1	1
49	25 Oct 22	18:49:45	1	0	1	0	Ct	0	0	1	0	0	0	1	0	0	1	3	1	0	1	0	1	2	3	5	1	0	0	1	0	4	1	1	0	1	1	1	1	2	1
50	25 Oct 22	18:50:00	1	0	1	0	Ct	0	0	0	0	2	1	0	0	1	1	1	0	0	0	2	0	2	2	0	1	1	0	1	0	2	1	0	4	1	0	3	0	4	1
51	25 Oct 22	18:50:15	1	0	1	0	Ct	0	0	2	0	2	1	1	1	1	1	2	1	0	1	1	3	0	2	1	1	0	1	1	1	1	1	1	1	2	1	2	0	4	1
52	25 Oct 22	18:50:30	1	0	1	0	Ct	0	0	4	3	1	0	1	1	1	2	1	3	1	1	2	1	1	4	0	1	1	1	1	1	2	1	1	1	1	2	0	1	0	1
53	25 Oct 22	18:50:45	1	0	1	0	Ct	0	0	1	1	2	1	2	1	2	0	1	0	1	1	3	0	3	1	1	1	0	2	1	0	1	1	1	0	3	2	1	1	2	2
54	25 Oct 22	18:51:00	1	0	1	0	Ct	0	0	1	0	2	0	1	0	0	1	2	2	0	0	4	1	1	1	2	1	1	0	2	1	2	1	1	1	0	0	0	2	3	1
55	25 Oct 22	18:51:15	1	0	1	0	Ct	0	0	1	0	1	1	6	0	0	1	2	1	1	1	5	0	2	1	0	1	1	0	2	0	1	2	0	2	2	1	4	2	2	1
56	25 Oct 22	18:51:30	1	0	1	0	Ct	0	0	0	2	3	1	0	0	2	1	1	1	1	0	0	2	2	1	1	1	1	0	3	0	2	0	1	0	2	1	1	0	2	1
57	25 Oct 22	18:51:45	1	0	1	0	Ct	0	0	2	0	1	2	1	0	2	1	2	2	1	1	4	2	3	1	0	1	1	0	2	1	2	1	2	3	3	0	0	0	3	1
58	25 Oct 22	18:52:00	1	0	1	0	Ct	0	0	0	0	1	0	2	0	1	2	3	2	0	0	2	1	2	1	4	2	0	0	2	0	3	0	2	1	1	0	1	0	4	2
59	25 Oct 22	18:52:15	1	0	1	0	Ct	0	0	2	2	2	1	0	0	2	1	1	2	1	1	1	1	1	1	0	2	4	0	1	1	2	1	2	1	1	1	2	1	2	0
60	25 Oct 22	18:52:30	1	0	1	0	Ct	0	0	0	1	3	1	0	1	0	1	2	0	0	1	1	1	2	1	1	2	0	0	2	1	2	0	1	1	1	2	0	1	5	1
61	25 Oct 22	18:52:45	1	0	1	0	Ct	0	0	1	2	1	1	1	3	1	1	2	0	0	0	2	1	3	1	0	1	1	0	2	0	3	1	1	1	2	1	2	1	3	0
62	25 Oct 22	18:53:00	1	0	1	0	Ct	0	0	4	2	2	0	0	0	1	1	2	0	0	1	2	1	2	2	1	3	1	0	3	2	2	1	3	1	1	1	0	2	3	3
63	25 Oct 22	18:53:15	1	0	1	0	Ct	0	0	0	1	2	1	1	1	1	2	1	0	1	1	2	2	3	2	2	1	0	0	2	1	2	1	1	1	2	1	2	1	2	0
64	25 Oct 22	18:53:30	1	0	1	0	Ct	0	0	2	0	2	1	0	4	1	1	2	0	1	1	1	0	2	1	1	1	1	0	2	1	2	1	1	2	0	0	0	0	4	1
65	25 Oct 22	18:53:45	1	0	1	0	Ct	0	0	1	2	2	1	1	0	2	2	3	1	0	1	2	2	3	1	0	1	0	0	2	1	3	2	1	1	5	2	1	1	2	2
66	25 Oct 22	18:54:00	1	0	1	0	Ct	0	0	1	1	2	0	0	1	1	1	2	0	1	1	2	1	4	2	2	2	1	1	3	3	2	0	1	0	5	1	0	2	4	1
67	25 Oct 22	18:54:15	1	0	1	0	Ct	0	0	2	1	2	1	2	0	1	1	2	5	0	1	3	1	3	2	1	2	1	0	3	2	2	2	2	3	4	0	2	0	3	1
68	25 Oct 22	18:54:30	1	0	1	0	Ct	0	0	1	2	2	0	0	3	1	1	3	1	1	1	3	2	3	2	2	1	1	0	2	2	2	0	1	0	2	1	0	1	3	1
69	25 Oct 22	18:54:45	1	0	1	0	Ct	0	0	1	0	2	1	2	0	2	1	2	1	0	0	3	2	3	2	1	2	1	0	3	1	3	1	1	1	3	0	1	1	4	1
70	25 Oct 22	18:55:00	1	0	1	0	Ct	0	0	5	0	2	1	1	0	2	2	2	1	0	1	2	3	3	1	2	1	1	1	3	1	2	3	2	1	2	1	1	1	2	1
71	25 Oct 22	18:55:15	1	0	1	0	Ct	0	0	2	0	3	1	0	1	1	1	2	0	2	1	3	1	4	2	0	1	0	0	2	1	3	1	2	1	0	1	1	2	2	2
72	25 Oct 22	18:55:30	1	0	1	0	Ct	0	0	0	2	1	0	1	1	2	2	2	3	0	1	3	2	4	1	1	1	2	0	3	2	2	1	2	2	1	0	0	1	4	1
73	25 Oct 22	18:55:45	1	0	1	0	Ct	0	0	1	2	3	1	2	1	1	1	4	2	3	1	4	2	4	2	2	2	0	0	3	1	3	2	3	2	3	2	2	2	4	0
74	25 Oct 22	18:56:00	1	0	1	0	Ct	0	0	2	0	2	1	1	1	2	0	2	2	0	1	4	2	5	2	2	1	1	2	3	1	2	2	2	1	2	0	1	1	2	1
75	25 Oct 22	18:56:15	1	0	1	0	Ct	0	0	2	0	3	2	1	0	2	2	3	3	2	1	3	2	3	1	1	1	1	0	1	1	2	1	2	1	2	1	0	2	4	1
76	25 Oct 22	18:56:30	1	0	1	0	Ct	0	0	4	4	3	2	2	0	2	1	2	1	2	1	4	1	4	1	0	2	1	1	3	1	3	4	3	1	1	1	1	1	2	2
77	25 Oct 22	18:56:45	1	0	1	0	Ct	0	0	1	2	2	1	1	1	2	1	1	1	0	1	2	2	5	2	1	1	1	0	3	0	3	0	3	0	2	1	1	3	5	0
78	25 Oct 22	18:57:00	1	0	1	0	Ct	0	0	1	1	3	0	2	3	1	2	2	3	0	2	4	2	3	2	1	2	1	0	3	1	2	2	2	2	5	1	1	1	3	1
79	25 Oct 22	18:57:15	1	0	1	0	Ct	0	0	1	3	3	1	2	1	2	0	2	1	5	0	1	3	5	2	2	1	1	1	2	1	2	2	3	1	2	1	1	2	5	3
80	25 Oct 22	18:57:30	1	0	1	0	Ct	0	0	4	1	3	1	2	1	2	2	1	1	1	2	3	1	4	1	0	3	1	0	4	1	3	3	3	1	0	1	3	2	3	1
81	25 Oct 22	18:57:45	1	0	1	0	Ct	0	0	1	2	2	1	2	1	1	4	2	1	0	0	3	3	3	2	2	1	1	0	3	1	3	2	2	1	2	1	1	2	4	2
82	25 Oct 22	18:58:00	1	0	1	0	Ct	0	0	1	1	4	1	3	2	2	2	3	1	0	1	3	2	4	1	4	2	1	0	3	4	2	1	3	1	1	1	2	2	4	1
83	25 Oct 22	18:58:15	1	0	1	0	Ct	0	0	3	2	3	1	3	1	2	1	2	1	1	1	3	2	4	2	1	2	0	0	3	4	3	2	2	2	2	1	1	2	3	1
84	25 Oct 22	18:58:30	1	0	1	0	Ct	0	0	0	2	3	1	3	1	1	1	2	1	1	1	2	2	4	1	3	2	1	0	3	1	2	1	2	1	3	1	2	2	2	1
85	25 Oct 22	18:58:45	1	0	1	0	Ct	0	0	1	1	2	1	2	0	1	1	3	1	0	1	2	2	5	2	1	2	2	0	3	2	3	3	2	1	4	0	2	2	4	1
86	25 Oct 22	18:59:00	1	0	1	0	Ct	0	0	1	2	4	1	3	1	1	1	2	1	2	1	4	2	4	2	2	2	1	1	3	2	2	2	2	1	3	0	2	2	4	2
87	25 Oct 22	18:59:15	1	0	1	0	Ct	0	0	1	2	3	1	3	1	1	2	2	1	1	1	4	3	4	2	1	3	1	0	3	1	2	2	3	0	2	1	1	2	3	0
88	25 Oct 22	18:59:30	1	0	1	0	Ct	0	0	0	3	3	1	2	1	2	2	2	1	1	1	5	2	3	2	2	1	1	1	2	1	3	2	1	1	0	1	2	2	4	1
89	25 Oct 22	18:59:45	1	0	1	0	Ct	0	0	6	1	3	0	3	1	1	1	1	1	0	1	3	2	4	2	1	2	2	0	4	1	2	3	3	2	3	1	3	3	3	1
90	25 Oct 22	19:00:00	1	0	1	0	Ct	0	0	1	2	3	2	2	2	1	1	2	1	0	1	5	2	3	1	1	2	1	1	3	1	2	2	2	0	2	0	2	2	3	1
91	25 Oct 22	19:00:15	1	0	1	0	Ct	0	0	1	2	3	1	2	2	1	2	2	2	1	2	3	2	3	2	1	1	2	0	2	1	2	2	2	2	3	3	3	2	2	1
92	25 Oct 22	19:00:30	1	0	1	0	Ct	0	0	4	2	2	1	4	2	1	0	2	1	2	2	2	3	4	1	1	2	1	4	3	3	2	0	3	0	3	1	2	2	3	1
93	25 Oct 22	19:00:45	1	0	1	0	Ct	0	0	0	2	4	1	2	1	1	2	2	1	0	2	3	2	4	2	1	1	2	0	4	1	1	2	3	1	2	0	2	3	3	1
94	25 Oct 22	19:01:00	1	0	1	0	Ct	0	0	1	2	2	1	2	4	2	0	3	2	0	2	2	3	4	2	2	2	3	1	0	3	2	2	1	1	4	2	3	2	4	2
95	25 Oct 22	19:01:15	1	0	1	0	Ct	0	0	1	2	3	1	2	0	1	1	2	1	1	2	3	3	5	1	3	1	1	1	3	1	2	1	2	1	3	1	2	2	1	1
96	25 Oct 22	19:01:30	1	0	1	0	Ct	0	0	1	2	2	1	3	2	0	0	2	2	2	1	4	3	3	2	2	2	1	0	2	2	1	3	2	1	1	1	2	2	3	1
97	25 Oct 22	19:01:45	1	0	1	0	Ct	0	0	0	2	1	2	2	1	2	1	2	1	1	2	2	2	3	2	1	2	1	1	2	1	2	1	2	1	3	1	3	2	3	2
98	25 Oct 22	19:02:00	1	0	1	0	Ct	0	0	2	2	3	2	2	2	2	1	5	2	1	0	5	2	4	1	1	1	2	1	3	3	2	2	2	2	2	1	1	1	5	2
99	25 Oct 22	19:02:15	1	0	1	0	Ct	0	0	0	2	3	1	3	1	1	1	3	1	1	2	2	2	3	3	1	2	1	1	4	2	2	2	3	1	2	2	2	2	2	1
100	25 Oct 22	19:02:30	1	0	1	0	Ct	0	0	2	2	2	1	2	2	0	1	1	2	0	2	3	1	4	2	1	3	3	1	2	1	2	1	3	1	1	2	4	2	5	2
101	25 Oct 22	19:02:45	1	0	1	0	Ct	0	0	0	1	2	2	2	1	1	0	3	3	0	2	2	2	2	2	2	2	2	1	2	1	2	2	2	1	0	1	2	2	3	0
102	25 Oct 22	19:03:00	1	0	1	0	Ct	0	0	1	2	2	1	2	2	2	0	2	2	3	2	2	2	3	3	1	2	1	0	2	1	1	2	3	2	3	1	3	2	2	1
103	25 Oct 22	19:03:15	1	0	1	0	Ct	0	0	0	1	2	1	2	2	1	0	2	2	1	2	3	2	3	1	3	1	1	1	3	2	3	2	3	2	5	1	2	3	3	1
104	25 Oct 22	19:03:30	1	0	1	0	Ct	0	0	1	2	2	1	3	1	1	0	1	1	2	2	3	2	3	2	0	2	2	2	3	1	0	2	1	2	2	1	2	1	2	1
105	25 Oct 22	19:03:45	1	0	1	0	Ct	0	0	0	2	2	1	2	2	1	0	4	1	0	2	2	2	3	1	2	1	2	0	3	2	2	1	2	1	6	2	2	2	2	2
106	25 Oct 22	19:04:00	1	0	1	0	Ct	0	0	0	2	3	1	0	1	1	1	1	2	1	2	3	2	4	0	2	2	2	0	2	1	2	1	3	2	2	3	2	2	1	1
107	25 Oct 22	19:04:15	1	0	1	0	Ct	0	0	0	2	2	2	2	1	0	1	3	1	2	2	2	1	4	2	1	1	2	1	2	1	1	2	2	1	2	1	2	2	2	1
108	25 Oct 22	19:04:30	1	0	1	0	Ct	0	0	1	3	1	1	1	1	0	0	2	1	0	3	3	2	3	1	3	2	3	0	1	2	1	2	2	2	4	0	2	2	3	1
109	25 Oct 22	19:04:45	1	0	1	0	Ct	0	0	0	2	2	2	3	1	1	0	2	2	1	2	3	1	3	1	1	2	1	2	3	2	2	0	2	2	0	1	2	2	3	1
110	25 Oct 22	19:05:00	1	0	1	0	Ct	0	0	4	2	1	1	2	1	3	0	1	1	2	2	2	3	3	1	1	1	1	1	1	2	2	2	3	1	0	0	2	2	2	1
111	25 Oct 22	19:05:15	1	0	1	0	Ct	0	0	0	2	2	2	2	1	0	0	3	2	4	2	2	2	3	1	0	2	3	1	2	2	2	0	1	4	0	1	2	2	1	1
112	25 Oct 22	19:05:30	1	0	1	0	Ct	0	0	3	1	3	1	1	1	1	0	2	2	1	1	2	3	2	2	0	2	2	0	3	0	1	1	2	1	1	2	2	1	3	1
113	25 Oct 22	19:05:45	1	0	1	0	Ct	0	0	0	2	1	1	2	4	1	0	2	2	1	2	3	1	3	2	0	2	1	2	2	1	1	2	2	2	1	7	2	2	2	1
114	25 Oct 22	19:06:00	1	0	1	0	Ct	0	0	0	2	3	3	1	0	0	0	1	1	2	2	2	1	2	1	0	2	1	0	2	1	2	1	1	1	1	1	1	0	3	1
115	25 Oct 22	19:06:15	1	0	1	0	Ct	0	0	0	2	3	2	2	1	1	0	2	3	1	3	2	2	2	1	1	2	2	1	3	1	6	1	3	1	1	0	2	2	2	2
116	25 Oct 22	19:06:30	1	0	1	0	Ct	0	0	0	1	1	2	1	1	1	0	2	1	2	1	2	1	3	1	1	1	2	1	3	5	0	1	1	2	1	2	2	1	2	1
117	25 Oct 22	19:06:45	1	0	1	0	Ct	0	0	7	2	2	1	1	1	2	0	2	2	1	3	1	1	3	1	3	2	1	1	2	1	1	1	2	2	0	1	2	3	2	0
118	25 Oct 22	19:07:00	1	0	1	0	Ct	0	0	6	3	0	3	1	0	1	0	1	2	2	2	3	1	2	1	1	2	2	1	2	0	3	1	2	2	3	1	2	1	2	2
119	25 Oct 22	19:07:15	1	0	1	0	Ct	0	0	1	2	2	1	2	0	3	0	1	2	1	2	1	1	3	2	0	1	1	1	1	1	6	2	2	1	1	0	2	2	2	1
120	25 Oct 22	19:07:30	1	0	1	0	Ct	0	0	0	2	2	3	0	1	0	0	1	2	2	2	1	2	4	0	2	2	1	1	3	0	2	0	1	2	6	5	3	2	2	1
121	25 Oct 22	19:07:45	1	0	1	0	Ct	0	0	0	4	2	1	1	1	2	0	1	1	1	2	2	1	4	1	0	0	2	1	0	1	4	2	2	3	0	1	1	2	2	1
122	25 Oct 22	19:08:00	1	0	1	0	Ct	0	0	0	3	1	2	3	1	0	0	1	2	1	2	1	1	1	2	0	2	2	1	2	1	0	2	0	1	0	0	1	1	1	1
123	25 Oct 22	19:08:15	1	0	1	0	Ct	0	0	0	1	2	1	1	0	1	0	2	1	2	2	1	2	3	0	4	1	2	1	1	3	0	1	1	2	0	3	2	2	2	0
124	25 Oct 22	19:08:30	1	0	1	0	Ct	0	0	0	3	2	1	0	0	0	0	2	2	2	2	2	1	2	1	1	1	1	1	2	1	0	1	0	1	1	3	1	1	1	1
125	25 Oct 22	19:08:45	1	0	1	0	Ct	0	0	0	1	1	1	0	0	0	0	1	2	1	2	2	2	1	0	3	2	2	2	2	6	0	1	0	2	1	5	2	2	4	0
126	25 Oct 22	19:09:00	1	0	1	0	Ct	0	0	0	2	2	1	0	1	0	0	4	1	1	3	1	1	2	1	0	2	1	2	3	0	0	0	1	2	4	1	1	2	3	0
127	25 Oct 22	19:09:15	1	0	1	0	Ct	0	0	0	1	1	1	1	0	0	0	1	2	2	2	1	1	1	0	5	1	1	1	1	1	0	1	2	4	2	1	2	1	1	1
128	25 Oct 22	19:09:30	1	0	1	0	Ct	0	0	0	0	2	1	2	0	1	0	0	2	2	2	0	0	1	1	1	1	1	3	1	2	0	1	2	1	2	3	3	3	2	1
129	25 Oct 22	19:09:45	1	0	1	0	Ct	0	0	0	1	2	1	1	2	0	0	1	1	1	1	1	2	1	1	3	1	2	1	0	1	1	1	0	1	0	2	1	2	2	2
130	25 Oct 22	19:10:00	1	0	1	0	Ct	0	0	0	1	0	1	1	0	0	0	2	1	2	3	0	1	1	1	0	2	1	1	1	0	0	1	1	0	2	1	2	1	0	0
131	25 Oct 22	19:10:15	1	0	1	0	Ct	0	0	0	3	3	1	0	0	3	0	1	1	2	2	2	1	2	1	0	1	2	1	0	0	1	0	0	1	5	1	2	1	6	0
132	25 Oct 22	19:10:30	1	0	1	0	Ct	0	0	0	1	2	2	2	0	2	0	2	2	3	2	0	1	0	0	3	2	1	1	2	0	1	1	0	2	0	4	2	1	2	0
133	25 Oct 22	19:10:45	1	0	1	0	Ct	0	0	0	1	1	1	1	0	1	0	1	2	3	3	1	1	1	1	1	1	2	3	0	2	3	1	0	0	0	0	1	0	2	0
134	25 Oct 22	19:11:00	1	0	1	0	Ct	0	0	0	1	1	1	1	0	0	0	3	0	2	2	0	1	0	0	3	1	1	1	1	0	0	1	0	1	0	1	1	1	0	0
135	25 Oct 22	19:11:15	1	0	1	0	Ct	0	0	0	2	5	0	1	0	0	0	0	2	0	2	0	0	0	1	0	2	2	2	0	0	0	0	0	1	0	10	1	1	1	1
136	25 Oct 22	19:11:30	1	0	1	0	Ct	0	0	0	1	2	1	1	0	0	0	0	1	1	2	2	2	4	0	0	0	1	1	1	0	1	1	0	1	2	3	2	1	1	0
137	25 Oct 22	19:11:45	1	0	1	0	Ct	0	0	0	1	2	2	1	0	0	0	0	2	3	2	4	1	3	0	2	0	1	1	0	0	2	0	0	1	2	6	1	3	2	0
138	25 Oct 22	19:12:00	1	0	1	0	Ct	0	0	0	1	1	2	0	0	0	0	0	1	1	2	0	1	0	1	0	0	0	1	1	1	8	0	0	1	0	0	4	3	1	0
139	25 Oct 22	19:12:15	1	0	1	0	Ct	0	0	0	2	0	1	0	0	0	0	1	2	1	2	9	0	0	0	0	0	1	2	0	0	2	2	0	2	0	2	3	1	2	0
140	25 Oct 22	19:12:30	1	0	1	0	Ct	0	0	0	2	1	2	0	0	0	0	0	1	2	1	3	0	1	1	1	0	1	0	0	0	2	1	0	0	2	2	2	2	1	2
141	25 Oct 22	19:12:45	1	0	1	0	Ct	0	0	0	2	2	1	0	0	0	0	1	3	1	2	7	1	0	0	0	0	1	2	0	0	0	0	0	1	1	0	0	2	3	1
142	25 Oct 22	19:13:00	1	0	1	0	Ct	0	0	0	1	4	1	0	0	0	0	0	1	0	2	0	1	1	0	1	0	2	1	1	0	0	1	0	1	0	0	3	1	3	0
143	25 Oct 22	19:13:15	1	0	1	0	Ct	0	0	0	1	0	1	0	0	3	0	1	0	2	3	0	0	0	0	2	2	2	1	0	0	1	0	0	3	0	0	1	0	0	0
144	25 Oct 22	19:13:30	1	0	1	0	Ct	0	0	0	1	0	2	0	0	3	0	1	2	1	1	0	1	1	0	0	2	1	1	0	0	4	0	0	0	0	0	1	1	1	0
145	25 Oct 22	19:13:45	1	0	1	0	Ct	0	0	0	2	1	0	0	0	0	0	1	1	3	1	0	1	0	1	0	2	1	2	0	0	1	0	0	6	0	3	1	2	0	0
146	25 Oct 22	19:14:00	1	0	1	0	Ct	0	0	0	1	0	1	0	0	0	0	1	1	1	2	0	1	0	0	0	0	1	1	0	0	0	0	0	0	0	1	1	1	0	0
147	25 Oct 22	19:14:15	1	0	1	0	Ct	0	0	0	1	1	1	0	0	0	0	0	0	1	2	0	1	5	0	0	0	1	0	0	0	0	2	0	1	0	0	1	1	9	0
148	25 Oct 22	19:14:30	1	0	1	0	Ct	0	0	0	1	0	1	0	0	0	0	2	0	0	1	0	0	0	0	0	0	1	1	0	0	0	0	0	1	0	1	0	0	1	0
149	25 Oct 22	19:14:45	1	0	1	0	Ct	0	0	0	1	2	0	0	0	0	0	0	0	2	1	0	1	0	0	2	0	1	1	0	0	0	0	0	0	0	5	0	1	0	0
150	25 Oct 22	19:15:00	1	0	1	0	Ct	0	0	0	1	2	1	0	0	0	0	4	0	1	2	0	0	0	2	0	0	1	2	0	0	1	0	0	0	0	0	1	0	0	0
151	25 Oct 22	19:15:15	1	0	1	0	Ct	0	0	0	1	1	0	0	0	0	0	2	0	0	2	0	0	0	1	0	0	2	1	0	0	4	0	0	1	0	0	0	0	0	0
152	25 Oct 22	19:15:30	1	0	1	0	Ct	0	0	0	2	2	2	0	0	0	0	1	1	0	1	0	1	3	0	0	0	1	1	0	0	1	1	0	0	0	1	0	0	0	0
153	25 Oct 22	19:15:45	1	0	1	0	Ct	0	0	0	1	0	0	0	0	0	0	0	1	4	2	0	0	3	0	0	0	0	2	0	0	0	0	0	0	0	0	0	1	0	0
154	25 Oct 22	19:16:00	1	0	1	0	Ct	0	0	0	2	0	1	0	0	0	0	0	1	1	2	0	0	1	0	0	0	1	0	0	0	4	1	0	1	0	0	1	1	0	0
155	25 Oct 22	19:16:15	1	0	1	0	Ct	0	0	0	5	0	0	0	0	0	0	0	1	2	2	0	1	0	0	0	0	1	2	0	0	1	0	0	1	0	0	1	0	0	0
156	25 Oct 22	19:16:30	1	0	1	0	Ct	0	0	0	1	0	1	0	0	2	0	0	1	1	1	0	0	0	0	0	0	1	0	0	0	0	0	0	0	0	4	0	0	0	0
157	25 Oct 22	19:16:45	1	0	1	0	Ct	0	0	0	1	0	0	0	0	0	0	0	1	1	2	0	1	0	0	0	0	1	2	0	0	0	0	0	1	0	7	0	0	0	0
158	25 Oct 22	19:17:00	1	0	1	0	Ct	0	0	0	2	0	1	0	0	0	0	0	1	5	1	0	0	1	0	0	0	0	1	0	0	0	0	0	0	0	0	0	0	0	0
159	25 Oct 22	19:17:15	1	0	1	0	Ct	0	0	0	1	2	1	0	0	0	0	0	2	1	1	0	1	0	0	0	0	1	1	0	0	0	0	0	0	0	0	0	0	0	0
160	25 Oct 22	19:17:30	1	0	1	0	Ct	0	0	0	1	0	0	0	0	0	0	0	1	0	2	0	0	2	0	0	0	1	2	0	0	0	0	0	0	0	2	0	0	0	0
161	25 Oct 22	19:17:45	1	0	1	0	Ct	0	0	0	2	0	1	0	0	0	0	0	1	0	1	0	0	1	0	0	0	1	1	0	0	0	0	0	1	0	1	0	0	0	0
162	25 Oct 22	19:18:00	1	0	1	0	Ct	0	0	0	1	0	1	0	0	0	0	0	1	0	1	0	0	0	0	0	0	1	1	0	0	0	0	0	0	0	4	0	0	0	0
163	25 Oct 22	19:18:15	1	0	1	0	Ct	0	0	0	1	0	0	0	0	0	0	0	0	0	1	0	0	0	0	0	0	0	1	0	0	0	0	0	0	1	9	0	0	0	0
164	25 Oct 22	19:18:30	1	0	1	0	Ct	0	0	0	0	0	1	0	0	0	0	0	0	0	2	0	0	0	0	0	1	0	1	0	0	0	0	0	0	1	7	0	0	0	0
165	25 Oct 22	19:18:45	1	0	1	0	Ct	0	0	0	2	0	1	0	0	0	0	0	0	0	1	0	0	0	0	0	0	0	0	0	0	0	0	0	0	3	2	0	0	0	0
166	25 Oct 22	19:19:00	1	0	1	0	Ct	0	0	0	0	0	0	0	0	0	0	0	0	0	1	0	0	0	0	0	0	1	1	0	0	0	0	0	1	3	0	0	0	0	0
167	25 Oct 22	19:19:15	1	0	1	0	Ct	0	0	0	1	0	1	0	0	0	0	0	0	0	0	0	0	0	0	0	1	1	1	0	0	0	1	0	0	3	0	0	0	0	0
168	25 Oct 22	19:19:30	1	0	1	0	Ct	0	0	0	0	0	0	0	0	0	0	0	0	0	2	0	0	0	0	0	0	0	0	0	0	0	0	0	0	0	0	0	0	0	0
169	25 Oct 22	19:19:45	1	0	1	0	Ct	0	0	0	0	0	1	0	0	0	0	0	0	0	1	0	0	0	0	0	4	0	0	0	0	0	0	0	0	1	0	0	0	0	0
170	25 Oct 22	19:20:00	1	0	1	0	Ct	0	0	0	1	0	0	0	0	0	0	0	0	0	1	0	0	0	0	0	0	0	1	0	0	0	0	0	0	0	12	0	0	0	0
171	25 Oct 22	19:20:15	1	0	1	0	Ct	0	0	0	1	0	0	0	0	0	0	0	0	0	1	0	0	0	0	0	0	0	0	0	0	0	0	0	0	1	8	0	0	0	0
172	25 Oct 22	19:20:30	1	0	1	0	Ct	0	0	0	1	0	0	0	0	0	0	0	1	0	1	0	0	0	0	0	0	3	0	0	0	0	0	0	0	0	8	0	0	0	0
173	25 Oct 22	19:20:45	1	0	1	0	Ct	0	0	0	1	0	0	0	0	0	0	0	0	0	4	0	0	0	0	0	0	2	0	0	0	0	0	0	0	0	0	0	0	0	0
174	25 Oct 22	19:21:00	1	0	1	0	Ct	0	0	0	1	0	0	0	0	0	0	0	1	0	1	0	0	0	0	0	0	0	0	0	0	0	0	0	0	0	1	0	0	0	0
175	25 Oct 22	19:21:15	1	0	1	0	Ct	0	0	0	1	0	2	0	0	0	0	0	1	0	0	0	0	0	0	0	0	2	0	0	0	0	0	0	0	0	12	0	0	0	0
176	25 Oct 22	19:21:30	1	0	1	0	Ct	0	0	0	1	0	0	0	0	0	0	0	1	0	1	0	0	0	0	0	0	1	0	0	0	0	0	0	0	0	7	0	0	0	0
177	25 Oct 22	19:21:45	1	0	1	0	Ct	0	0	0	0	0	0	0	0	0	0	0	1	0	1	0	0	0	0	0	0	0	0	0	0	0	0	0	0	0	1	0	0	0	0
178	25 Oct 22	19:22:00	1	0	1	0	Ct	0	0	0	0	0	0	0	0	0	0	0	1	0	1	0	0	0	0	0	0	0	0	0	0	0	0	0	0	0	1	0	0	0	0
179	25 Oct 22	19:22:15	1	0	1	0	Ct	0	0	0	0	0	0	0	0	0	0	0	0	0	1	0	0	0	0	0	0	0	0	0	0	0	0	0	0	0	4	0	0	0	0
180	25 Oct 22	19:22:30	1	0	1	0	Ct	0	0	0	0	0	0	0	0	0	0	0	0	0	1	0	0	0	0	0	0	0	0	0	0	0	0	0	0	0	0	0	0	0	0
181	25 Oct 22	19:22:45	1	0	1	0	Ct	0	0	0	0	0	0	0	0	0	0	0	1	0	1	0	0	0	0	0	0	0	0	0	0	0	0	0	0	0	0	0	0	0	0
182	25 Oct 22	19:23:00	1	0	1	0	Ct	0	0	0	0	0	0	0	0	0	0	0	0	0	1	0	0	0	0	0	0	0	0	0	0	0	0	0	0	0	0	0	0	0	0
183	25 Oct 22	19:23:15	1	0	1	0	Ct	0	0	0	0	0	0	0	0	0	0	0	1	0	0	0	0	0	0	0	0	0	0	0	0	0	0	0	0	0	0	0	0	0	0
184	25 Oct 22	19:23:30	1	0	1	0	Ct	0	0	0	0	0	0	0	0	0	0	0	1	0	1	0	0	0	0	0	0	0	0	0	0	0	0	0	0	0	0	0	0	0	0
185	25 Oct 22	19:23:45	1	0	1	0	Ct	0	0	0	0	0	1	0	0	0	0	0	1	0	1	0	0	0	0	0	0	0	0	0	0	0	0	0	0	0	2	0	0	0	0
186	25 Oct 22	19:24:00	1	0	1	0	Ct	0	0	0	0	0	1	0	0	0	0	0	0	1	1	0	0	0	0	0	0	0	0	0	0	0	0	0	0	0	8	0	0	0	0
187	25 Oct 22	19:24:15	1	0	1	0	Ct	0	0	0	0	0	0	0	0	0	0	0	1	3	0	0	0	0	0	0	1	0	0	0	0	0	0	0	0	0	0	0	0	0	0
188	25 Oct 22	19:24:30	1	0	1	0	Ct	0	0	0	0	0	0	0	0	0	0	0	1	0	1	0	0	0	0	0	0	0	0	0	0	0	0	0	0	0	2	0	0	0	0
189	25 Oct 22	19:24:45	1	0	1	0	Ct	0	0	0	0	0	0	0	0	0	0	0	0	0	1	0	0	0	0	0	0	0	0	0	0	0	0	0	0	0	1	0	0	0	0
190	25 Oct 22	19:25:00	1	0	1	0	Ct	0	0	0	1	0	0	0	0	0	0	0	1	0	0	0	0	0	0	0	0	0	0	0	0	0	0	0	0	0	0	0	0	0	0
191	25 Oct 22	19:25:15	1	0	1	0	Ct	0	0	0	0	0	1	0	0	0	0	0	1	0	1	0	0	0	0	0	4	0	0	0	0	0	0	0	0	0	5	0	0	0	0
192	25 Oct 22	19:25:30	1	0	1	0	Ct	0	0	0	0	0	0	0	0	0	0	0	0	0	0	0	0	0	0	0	0	0	0	0	0	0	0	0	0	0	7	0	0	0	0
193	25 Oct 22	19:25:45	1	0	1	0	Ct	0	0	0	0	0	0	0	0	0	0	0	0	0	1	0	0	0	0	0	0	0	0	0	0	0	0	0	0	0	4	0	0	0	0
194	25 Oct 22	19:26:00	1	0	1	0	Ct	0	0	0	0	0	0	0	0	0	0	0	0	0	1	0	0	0	0	0	0	0	1	0	0	0	0	0	0	0	0	0	0	0	0
195	25 Oct 22	19:26:15	1	0	1	0	Ct	0	0	0	0	0	0	0	0	0	0	0	0	0	0	0	0	0	0	0	0	0	0	0	0	0	0	0	0	0	0	0	0	0	0
196	25 Oct 22	19:26:30	1	0	1	0	Ct	0	0	0	0	0	0	0	0	0	0	0	0	0	0	0	0	0	0	0	0	0	0	0	0	0	0	0	0	0	0	0	0	0	0
197	25 Oct 22	19:26:45	1	0	1	0	Ct	0	0	0	0	0	0	0	0	0	0	0	0	0	1	0	0	0	0	0	0	0	0	0	0	0	0	0	0	0	0	0	0	0	0
198	25 Oct 22	19:27:00	1	0	1	0	Ct	0	0	0	0	0	0	0	0	0	0	0	0	0	0	0	0	0	0	0	0	0	1	0	0	0	0	0	0	0	0	0	0	0	0
199	25 Oct 22	19:27:15	1	0	1	0	Ct	0	0	0	0	0	0	0	0	0	0	0	0	0	0	0	0	0	0	0	0	0	0	0	0	0	0	0	0	0	0	0	0	0	0
200	25 Oct 22	19:27:30	1	0	1	0	Ct	0	0	0	0	0	0	0	0	0	0	0	0	0	1	0	0	0	0	0	0	0	0	0	0	0	0	0	0	0	0	0	0	0	0
201	25 Oct 22	19:27:45	1	0	1	0	Ct	0	0	0	0	0	1	0	0	0	0	0	0	0	0	0	0	0	0	0	0	0	0	0	0	0	0	0	0	0	0	0	0	0	0
202	25 Oct 22	19:28:00	1	0	1	0	Ct	0	0	0	0	0	0	0	0	0	0	0	0	0	0	0	0	0	0	0	0	0	1	0	0	0	0	0	0	0	0	0	0	0	0
203	25 Oct 22	19:28:15	1	0	1	0	Ct	0	0	0	0	0	0	0	0	0	0	0	0	0	0	0	0	0	0	0	0	0	1	0	0	0	0	0	0	0	0	0	0	0	0
204	25 Oct 22	19:28:30	1	0	1	0	Ct	0	0	0	0	0	0	0	0	0	0	0	0	0	0	0	0	0	0	0	0	0	2	0	0	0	0	0	0	0	0	0	0	0	0
205	25 Oct 22	19:28:45	1	0	1	0	Ct	0	0	0	0	0	1	0	0	0	0	0	0	0	1	0	0	0	0	0	0	0	0	0	0	0	0	0	0	0	0	0	0	0	0
206	25 Oct 22	19:29:00	1	0	1	0	Ct	0	0	0	0	0	0	0	0	0	0	0	0	0	0	0	0	0	0	0	0	0	0	0	0	0	0	0	0	0	0	0	0	0	0
207	25 Oct 22	19:29:15	1	0	1	0	Ct	0	0	0	0	0	0	0	0	0	0	0	0	0	0	0	0	0	0	0	0	0	0	0	0	0	0	0	0	0	0	0	0	0	0
208	25 Oct 22	19:29:30	1	0	1	0	Ct	0	0	0	0	0	0	0	0	0	0	0	0	0	1	0	0	0	0	0	0	0	0	0	0	0	0	0	0	0	0	0	0	0	0
209	25 Oct 22	19:29:45	1	0	1	0	Ct	0	0	0	0	0	0	0	0	0	0	0	0	0	0	0	0	0	0	0	0	0	0	0	0	0	0	0	0	0	0	0	0	0	0
210	25 Oct 22	19:30:00	1	0	1	0	Ct	0	0	0	0	0	0	0	0	0	0	0	0	0	0	0	0	0	0	0	0	0	0	0	0	0	0	0	0	0	0	0	0	0	0
211	25 Oct 22	19:30:15	1	0	1	0	Ct	0	0	0	0	0	0	0	0	0	0	0	0	0	0	0	0	0	0	0	0	0	0	0	0	0	0	0	0	0	0	0	0	0	0
212	25 Oct 22	19:30:30	1	0	1	0	Ct	0	0	0	0	0	0	0	0	0	0	0	0	0	0	0	0	0	0	0	0	0	0	0	0	0	0	0	0	0	0	0	0	0	0
213	25 Oct 22	19:30:45	1	0	1	0	Ct	0	0	0	0	0	0	0	0	0	0	0	0	0	0	0	0	0	0	0	0	0	0	0	0	0	0	0	0	0	0	0	0	0	0
214	25 Oct 22	19:31:00	1	0	1	0	Ct	0	0	0	2	0	0	0	0	0	0	0	0	0	0	0	0	0	0	0	0	0	0	0	0	0	0	0	0	0	0	0	0	0	0
215	25 Oct 22	19:31:15	1	0	1	0	Ct	0	0	0	0	0	0	0	0	0	0	0	0	0	0	0	0	0	0	0	0	0	0	0	0	0	0	0	0	0	0	0	0	0	0
216	25 Oct 22	19:31:30	1	0	1	0	Ct	0	0	0	0	0	0	0	0	0	0	0	0	0	0	0	0	0	0	0	0	0	0	0	0	0	0	0	0	0	0	0	0	0	0
217	25 Oct 22	19:31:45	1	0	1	0	Ct	0	0	0	0	0	0	0	0	0	0	0	0	0	0	0	0	0	0	0	0	0	0	0	0	0	0	0	0	0	0	0	0	0	0
218	25 Oct 22	19:32:00	1	0	1	0	Ct	0	0	0	0	0	0	0	0	0	0	0	0	0	0	0	0	0	0	0	0	0	0	0	0	0	0	0	0	0	0	0	0	0	0
219	25 Oct 22	19:32:15	1	0	1	0	Ct	0	0	0	0	0	0	0	0	0	0	0	0	0	0	0	0	0	0	0	0	0	0	0	0	0	0	0	0	0	0	0	0	0	0
220	25 Oct 22	19:32:30	1	0	1	0	Ct	0	0	0	0	0	0	0	0	0	0	0	0	0	0	0	0	0	0	0	0	0	0	0	0	0	0	0	0	0	0	0	0	0	0
221	25 Oct 22	19:32:45	1	0	1	0	Ct	0	0	0	0	0	0	0	0	0	0	0	0	0	0	0	0	0	0	0	0	0	1	0	0	0	0	0	0	0	0	0	0	0	0
222	25 Oct 22	19:33:00	1	0	1	0	Ct	0	0	0	0	0	0	0	0	0	0	0	0	0	0	0	0	0	0	0	0	0	0	0	0	0	0	0	0	0	0	0	0	0	0
223	25 Oct 22	19:33:15	1	0	1	0	Ct	0	0	0	0	0	0	0	0	0	0	0	0	0	0	0	0	0	0	0	0	0	0	0	0	0	0	0	0	0	0	0	0	0	0
224	25 Oct 22	19:33:30	1	0	1	0	Ct	0	0	0	0	0	0	0	0	0	0	0	0	0	0	0	0	0	0	0	0	0	0	0	0	0	0	0	0	0	0	0	0	0	0
225	25 Oct 22	19:33:45	1	0	1	0	Ct	0	0	0	0	0	0	0	0	0	0	0	0	0	0	0	0	0	0	0	0	0	0	0	0	0	0	0	0	0	0	0	0	0	0
226	25 Oct 22	19:34:00	1	0	1	0	Ct	0	0	0	0	0	0	0	0	0	0	0	0	0	0	0	0	0	0	0	0	0	0	0	0	0	0	0	0	0	0	0	0	0	0
227	25 Oct 22	19:34:15	1	0	1	0	Ct	0	0	0	0	0	0	0	0	0	0	0	0	0	0	0	0	0	0	0	0	0	0	0	0	0	0	0	0	0	0	0	0	0	0
228	25 Oct 22	19:34:30	1	0	1	0	Ct	0	0	0	2	0	0	0	0	0	0	0	0	0	0	0	0	0	0	0	0	0	0	0	0	0	0	0	0	0	0	0	0	0	0
229	25 Oct 22	19:34:45	1	0	1	0	Ct	0	0	0	0	0	0	0	0	0	0	0	0	0	0	0	0	0	0	0	0	0	0	0	0	0	0	0	0	0	0	0	0	0	0
230	25 Oct 22	19:35:00	1	0	1	0	Ct	0	0	0	0	0	0	0	0	0	0	0	0	0	0	0	0	0	0	0	0	0	0	0	0	0	0	0	0	0	0	0	0	0	0
231	25 Oct 22	19:35:15	1	0	1	0	Ct	0	0	0	0	0	0	0	0	0	0	0	0	0	0	0	0	0	0	0	0	0	0	0	0	0	0	0	0	0	0	0	0	0	0
232	25 Oct 22	19:35:30	1	0	1	0	Ct	0	0	0	0	0	0	0	0	0	0	0	0	0	0	0	0	0	0	0	0	0	0	0	0	0	0	0	0	0	0	0	0	0	0
233	25 Oct 22	19:35:45	1	0	1	0	Ct	0	0	0	0	0	0	0	0	0	0	0	0	0	0	0	0	0	0	0	0	0	0	0	0	0	0	0	0	0	0	0	0	0	0
234	25 Oct 22	19:36:00	1	0	1	0	Ct	0	0	0	0	0	0	0	0	0	0	0	0	0	0	0	0	0	0	0	0	0	0	0	0	0	0	0	0	0	0	0	0	0	0
235	25 Oct 22	19:36:15	1	0	1	0	Ct	0	0	0	0	0	0	0	0	0	0	0	0	0	0	0	0	0	0	0	0	0	0	0	0	0	0	0	0	0	0	0	0	0	0
236	25 Oct 22	19:36:30	1	0	1	0	Ct	0	0	0	0	0	0	0	0	0	0	0	0	0	0	0	0	0	0	0	0	0	0	0	0	0	0	0	0	0	0	0	0	0	0
237	25 Oct 22	19:36:45	1	0	1	0	Ct	0	0	0	0	0	0	0	0	0	0	0	0	0	0	0	0	0	0	0	0	0	0	0	0	0	0	0	0	0	0	0	0	0	0
238	25 Oct 22	19:37:00	1	0	1	0	Ct	0	0	0	0	0	0	0	0	0	0	0	0	0	0	0	0	0	0	0	0	0	0	0	0	0	0	0	0	0	0	0	0	0	0
239	25 Oct 22	19:37:15	1	0	1	0	Ct	0	0	0	0	0	0	0	0	0	0	0	0	0	0	0	0	0	0	0	0	0	0	0	0	0	0	0	0	0	0	0	0	0	0
240	25 Oct 22	19:37:30	1	0	1	0	Ct	0	0	0	0	0	0	0	0	0	0	0	0	0	0	0	0	0	0	0	0	0	0	0	0	0	0	0	0	0	0	0	0	0	0
241	25 Oct 22	19:37:45	1	0	1	0	Ct	0	0	0	0	0	0	0	0	0	0	0	0	0	0	0	0	0	0	0	0	0	0	0	0	0	0	0	0	0	0	0	0	0	0
242	25 Oct 22	19:38:00	1	0	1	0	Ct	0	0	0	0	0	0	0	0	0	0	0	0	0	0	0	0	0	0	0	0	0	0	0	0	0	0	0	0	0	0	0	0	0	0
243	25 Oct 22	19:38:15	1	0	1	0	Ct	0	0	0	0	0	0	0	0	0	0	0	0	0	0	0	0	0	0	0	0	0	0	0	0	0	0	0	0	0	0	0	0	0	0
244	25 Oct 22	19:38:30	1	0	1	0	Ct	0	0	0	0	0	0	0	0	0	0	0	0	0	0	0	0	0	0	0	0	0	0	0	0	0	0	0	0	0	0	0	0	0	0
245	25 Oct 22	19:38:45	1	0	1	0	Ct	0	0	0	0	0	0	0	0	0	0	0	0	0	0	0	0	0	0	0	0	0	0	0	0	0	0	0	0	0	0	0	0	0	0
246	25 Oct 22	19:39:00	1	0	1	0	Ct	0	0	0	0	0	0	0	0	0	0	0	0	0	0	0	0	0	0	0	0	0	0	0	0	0	0	0	0	0	0	0	0	0	0
247	25 Oct 22	19:39:15	1	0	1	0	Ct	0	0	0	0	0	0	0	0	0	0	0	0	0	0	0	0	0	0	0	0	0	0	0	0	0	0	0	0	0	0	0	0	0	0
248	25 Oct 22	19:39:30	1	0	1	0	Ct	0	0	0	0	0	0	0	0	0	0	0	0	0	0	0	0	0	0	0	0	0	0	0	0	0	0	0	0	0	0	0	0	0	0
249	25 Oct 22	19:39:45	1	0	1	0	Ct	0	0	0	0	0	0	0	0	0	0	0	0	0	0	0	0	0	0	0	0	0	0	0	0	0	0	0	0	0	0	0	0	0	0
250	25 Oct 22	19:40:00	1	0	1	0	Ct	0	0	0	0	0	0	0	0	0	0	0	0	0	0	0	0	0	0	0	0	0	0	0	0	0	0	0	0	0	0	0	0	0	0
251	25 Oct 22	19:40:15	1	0	1	0	Ct	0	0	0	0	0	0	0	0	0	0	0	0	0	0	0	0	0	0	0	0	0	0	0	0	0	0	0	0	0	0	0	0	0	0
252	25 Oct 22	19:40:30	1	0	1	0	Ct	0	0	0	0	0	0	0	0	0	0	0	0	0	0	0	0	0	0	0	0	0	0	0	0	0	0	0	0	0	0	0	0	0	0
253	25 Oct 22	19:40:45	1	0	1	0	Ct	0	0	0	0	0	0	0	0	0	0	0	0	0	0	0	0	0	0	0	0	0	0	0	0	0	0	0	0	0	0	0	0	0	0
254	25 Oct 22	19:41:00	1	0	1	0	Ct	0	0	0	0	0	0	0	0	0	0	0	0	0	0	0	0	0	0	0	0	0	0	0	0	0	0	0	0	0	0	0	0	0	0
255	25 Oct 22	19:41:15	1	0	1	0	Ct	0	0	0	0	0	0	0	0	0	0	0	0	0	0	0	0	0	0	0	0	0	0	0	0	0	0	0	0	0	0	0	0	0	0
256	25 Oct 22	19:41:30	1	0	1	0	Ct	0	0	0	0	0	0	0	0	0	0	0	0	0	0	0	0	0	0	0	0	0	0	0	0	0	0	0	0	0	0	0	0	0	0
257	25 Oct 22	19:41:45	1	0	1	0	Ct	0	0	0	0	0	0	0	0	0	0	0	0	0	0	0	0	0	0	0	0	0	0	0	0	0	0	0	0	0	0	0	0	0	0
258	25 Oct 22	19:42:00	1	0	1	0	Ct	0	0	0	0	0	0	0	0	0	0	0	0	0	0	0	0	0	0	0	0	0	0	0	0	0	0	0	0	0	0	0	0	0	0
259	25 Oct 22	19:42:15	1	0	1	0	Ct	0	0	0	0	0	0	0	0	0	0	0	0	0	0	0	0	0	0	0	0	0	0	0	0	0	0	0	0	0	0	0	0	0	0
260	25 Oct 22	19:42:30	1	0	1	0	Ct	0	0	0	0	0	0	0	0	0	0	0	0	0	0	0	0	0	0	0	0	0	0	0	0	0	0	0	0	0	0	0	0	0	0
261	25 Oct 22	19:42:45	1	0	1	0	Ct	0	0	0	0	0	0	0	0	0	0	0	0	0	0	0	0	0	0	0	0	0	0	0	0	0	0	0	0	0	0	0	0	0	0
262	25 Oct 22	19:43:00	1	0	1	0	Ct	0	0	0	0	0	0	0	0	0	0	0	0	0	0	0	0	0	0	0	0	0	0	0	0	0	0	0	0	0	0	0	0	0	0
263	25 Oct 22	19:43:15	1	0	1	0	Ct	0	0	0	0	0	0	0	0	0	0	0	0	0	0	0	0	0	0	0	0	0	0	0	0	0	0	0	0	0	0	0	0	0	0
264	25 Oct 22	19:43:30	1	0	1	0	Ct	0	0	0	0	0	0	0	0	0	0	0	0	0	0	0	0	0	0	0	0	0	0	0	0	0	0	0	0	0	0	0	0	0	0
265	25 Oct 22	19:43:45	1	0	1	0	Ct	0	0	0	0	0	0	0	0	0	0	0	0	0	0	0	0	0	0	0	0	0	0	0	0	0	0	0	0	0	0	0	0	0	0
266	25 Oct 22	19:44:00	1	0	1	0	Ct	0	0	0	0	0	0	0	0	0	0	0	0	0	0	0	0	0	0	0	0	0	0	0	0	0	0	0	0	0	0	0	0	0	0
267	25 Oct 22	19:44:15	1	0	1	0	Ct	0	0	0	0	0	0	0	0	0	0	0	0	0	0	0	0	0	0	0	0	0	0	0	0	0	0	0	0	0	0	0	0	0	0
268	25 Oct 22	19:44:30	1	0	1	0	Ct	0	0	0	0	0	0	0	0	0	0	0	0	0	0	0	0	0	0	0	0	0	0	0	0	0	0	0	0	0	0	0	0	0	0
269	25 Oct 22	19:44:45	1	0	1	0	Ct	0	0	0	0	0	0	0	0	0	0	0	0	0	0	0	0	0	0	0	0	0	0	0	0	0	0	0	0	0	0	0	0	0	0
270	25 Oct 22	19:45:00	1	0	1	0	Ct	0	0	0	0	0	0	0	0	0	0	0	0	0	0	0	0	0	0	0	0	0	0	0	0	0	0	0	0	0	0	0	0	0	0
271	25 Oct 22	19:45:15	1	0	1	0	Ct	0	0	0	0	0	0	0	0	0	0	0	0	0	0	0	0	0	0	0	0	0	0	0	0	0	0	0	0	0	0	0	0	0	0
272	25 Oct 22	19:45:30	1	0	1	0	Ct	0	0	0	0	0	0	0	0	0	0	0	0	0	0	0	0	0	0	0	0	0	0	0	0	0	0	0	0	0	0	0	0	0	0
273	25 Oct 22	19:45:45	1	0	1	0	Ct	0	0	0	0	0	0	0	0	0	0	0	0	0	0	0	0	0	0	0	0	0	0	0	0	0	0	0	0	0	0	0	0	0	0
274	25 Oct 22	19:46:00	1	0	1	0	Ct	0	0	0	0	0	0	0	0	0	0	0	0	0	0	0	0	0	0	0	0	0	0	0	0	0	0	0	0	0	0	0	0	0	0
275	25 Oct 22	19:46:15	1	0	1	0	Ct	0	0	0	0	0	0	0	0	0	0	0	0	0	0	0	0	0	0	0	0	0	0	0	0	0	0	0	0	0	0	0	0	0	0
276	25 Oct 22	19:46:30	1	0	1	0	Ct	0	0	0	0	0	0	0	0	0	0	0	0	0	0	0	0	0	0	0	0	0	0	0	0	0	0	0	0	0	0	0	0	0	0
277	25 Oct 22	19:46:45	1	0	1	0	Ct	0	0	0	0	0	0	0	0	0	0	0	0	0	0	0	0	0	0	0	0	0	0	0	0	0	0	0	0	0	0	0	0	0	0
278	25 Oct 22	19:47:00	1	0	1	0	Ct	0	0	0	0	0	0	0	0	0	0	0	0	0	0	0	0	0	0	0	0	0	0	0	0	0	0	0	0	0	0	0	0	0	0
279	25 Oct 22	19:47:15	1	0	1	0	Ct	0	0	0	0	0	0	0	0	0	0	0	0	0	0	0	0	0	0	0	0	0	0	0	0	0	0	0	0	0	0	0	0	0	0
280	25 Oct 22	19:47:30	1	0	1	0	Ct	0	0	0	0	0	0	0	0	0	0	0	0	0	0	0	0	0	0	0	0	0	0	0	0	0	0	0	0	0	0	0	0	0	0
281	25 Oct 22	19:47:45	1	0	1	0	Ct	0	0	0	0	0	0	0	0	0	0	0	0	0	0	0	0	0	0	0	0	0	0	0	0	0	0	0	0	0	0	0	0	0	0
282	25 Oct 22	19:48:00	1	0	1	0	Ct	0	0	0	0	0	0	0	0	0	0	0	0	0	0	0	0	0	0	0	0	0	0	0	0	0	0	0	0	0	0	0	0	0	0
283	25 Oct 22	19:48:15	1	0	1	0	Ct	0	0	0	0	0	0	0	0	0	0	0	0	0	0	0	0	0	0	0	0	0	0	0	0	0	0	0	0	0	0	0	0	0	0
284	25 Oct 22	19:48:30	1	0	1	0	Ct	0	0	0	0	0	0	0	0	0	0	0	0	0	0	0	0	0	0	0	0	0	0	0	0	0	0	0	0	0	0	0	0	0	0
285	25 Oct 22	19:48:45	1	0	1	0	Ct	0	0	0	0	0	0	0	0	0	0	0	0	0	0	0	0	0	0	0	0	0	0	0	0	0	0	0	0	0	0	0	0	0	0
286	25 Oct 22	19:49:00	1	0	1	0	Ct	0	0	0	0	0	0	0	0	0	0	0	0	0	0	0	0	0	0	0	0	0	0	0	0	0	0	0	0	0	0	0	0	0	0
287	25 Oct 22	19:49:15	1	0	1	0	Ct	0	0	0	0	0	0	0	0	0	0	0	0	0	0	0	0	0	0	0	0	0	0	0	0	0	0	0	0	0	0	0	0	0	0
288	25 Oct 22	19:49:30	1	0	1	0	Ct	0	0	0	0	0	0	0	0	0	0	0	0	0	0	0	0	0	0	0	0	0	0	0	0	0	0	0	0	0	0	0	0	0	0
289	25 Oct 22	19:49:45	1	0	1	0	Ct	0	0	0	0	0	0	0	0	0	0	0	0	0	0	0	0	0	0	0	0	0	0	0	0	0	0	0	0	0	0	0	0	0	0
290	25 Oct 22	19:50:00	1	0	1	0	Ct	0	0	0	0	0	0	0	0	0	0	0	0	0	0	0	0	0	0	0	0	0	0	0	0	0	0	0	0	0	0	0	0	0	0
291	25 Oct 22	19:50:15	1	0	1	0	Ct	0	0	0	0	0	0	0	0	0	0	0	0	0	0	0	0	0	0	0	0	0	0	0	0	0	0	0	0	0	0	0	0	0	0
292	25 Oct 22	19:50:30	1	0	1	0	Ct	0	0	0	0	0	0	0	0	0	0	0	0	0	0	0	0	0	0	0	0	0	0	0	0	0	0	0	0	0	0	0	0	0	0
293	25 Oct 22	19:50:45	1	0	1	0	Ct	0	0	0	0	0	0	0	0	0	0	0	0	0	0	0	0	0	0	0	0	0	0	0	0	0	0	0	0	0	0	0	0	0	0
294	25 Oct 22	19:51:00	1	0	1	0	Ct	0	0	0	0	0	0	0	0	0	0	0	0	0	0	0	0	0	0	0	0	0	0	0	0	0	0	0	0	0	0	0	0	0	0
295	25 Oct 22	19:51:15	1	0	1	0	Ct	0	0	0	0	0	0	0	0	0	0	0	0	0	0	0	0	0	0	0	0	0	0	0	0	0	0	0	0	0	0	0	0	0	0
296	25 Oct 22	19:51:30	1	0	1	0	Ct	0	0	0	0	0	0	0	0	0	0	0	0	0	0	0	0	0	0	0	0	0	0	0	0	0	0	0	0	0	0	0	0	0	0
0	25 Oct 22	19:51:45	0	0	0	0	Ct	0	0	0	0	0	0	0	0	0	0	0	0	0	0	0	0	0	0	0	0	0	0	0	0	0	0	0	0	0	0	0	0	0	0
298	25 Oct 22	19:52:00	1	1	1	0	Ct	0	0	0	0	0	0	0	0	0	0	0	0	0	0	0	0	0	0	0	0	0	0	0	0	0	0	0	0	0	0	0	0	0	0
299	25 Oct 22	19:52:15	1	0	1	0	Ct	0	0	0	0	0	0	0	0	0	0	0	0	0	0	0	0	0	0	0	0	0	0	0	0	0	0	0	0	0	0	0	0	0	0
300	25 Oct 22	19:52:30	1	0	1	0	Ct	0	0	0	0	0	0	0	0	0	0	0	0	0	0	0	0	0	0	0	0	0	0	0	0	0	0	0	0	0	0	0	0	0	0
301	25 Oct 22	19:52:45	1	0	1	0	Ct	0	0	0	0	0	0	0	0	0	0	0	0	0	0	0	0	0	0	0	0	0	0	0	0	0	0	0	0	0	0	0	0	0	0
302	25 Oct 22	19:53:00	1	0	1	0	Ct	0	0	0	0	0	0	0	0	0	0	0	0	0	0	0	0	0	0	0	0	0	0	0	0	0	0	0	0	0	0	0	0	0	0
